[gd_scene format=3 uid="uid://ckx5xm6ryj5u1"]

[ext_resource type="PackedScene" uid="uid://bf5eg8wvt0fvu" path="res://Player/player.tscn" id="1_62w18"]
[ext_resource type="PackedScene" uid="uid://dshhth2hutp67" path="res://Enemy/enemy.tscn" id="2_8a836"]
[ext_resource type="PackedScene" uid="uid://btxa0o25fwpub" path="res://Models/Mausoleum.glb" id="3_j8job"]

[sub_resource type="ProceduralSkyMaterial" id="ProceduralSkyMaterial_fj7yv"]
sky_horizon_color = Color(0.66224277, 0.6717428, 0.6867428, 1)
ground_horizon_color = Color(0.66224277, 0.6717428, 0.6867428, 1)

[sub_resource type="Sky" id="Sky_tlwt5"]
sky_material = SubResource("ProceduralSkyMaterial_fj7yv")

[sub_resource type="Environment" id="Environment_aqk2v"]
background_mode = 2
sky = SubResource("Sky_tlwt5")
tonemap_mode = 2
glow_enabled = true

[sub_resource type="PlaneMesh" id="PlaneMesh_j8job"]

[sub_resource type="ConvexPolygonShape3D" id="ConvexPolygonShape3D_j8job"]
points = PackedVector3Array(-1, 0, -1, -1, 0, 1, 1, 0, -1, 1, 0, 1)

[node name="World" type="Node3D" unique_id=635267046]

[node name="WorldEnvironment" type="WorldEnvironment" parent="." unique_id=1336491903]
environment = SubResource("Environment_aqk2v")

[node name="DirectionalLight3D" type="DirectionalLight3D" parent="." unique_id=1147341089]
transform = Transform3D(-0.8660254, -0.43301278, 0.25, 0, 0.49999997, 0.86602545, -0.50000006, 0.75, -0.43301266, 0, 0, 0)
shadow_enabled = true

[node name="Player" parent="." unique_id=1346923229 instance=ExtResource("1_62w18")]
unique_name_in_owner = true
transform = Transform3D(1, 0, 0, 0, 1, 0, 0, 0, 1, 54.254395, 1.3753426, 0.51128054)
collision_mask = 1
max_health = 9999

[node name="Enemies" type="Node" parent="." unique_id=828516008]

[node name="Enemy" parent="Enemies" unique_id=2141865840 instance=ExtResource("2_8a836")]
transform = Transform3D(-0.9806762, 0, -0.19563816, 0, 1, 0, 0.19563816, 0, -0.9806762, 35.84207, -1.9999063, -9.366531)
max_health = 100

[node name="Enemy2" parent="Enemies" unique_id=1120158493 instance=ExtResource("2_8a836")]
transform = Transform3D(-0.9806762, 0, -0.19563816, 0, 1, 0, 0.19563816, 0, -0.9806762, 32.077057, -1.9999063, -9.366531)
max_health = 100

[node name="Enemy4" parent="Enemies" unique_id=1538839082 instance=ExtResource("2_8a836")]
transform = Transform3D(-0.9806762, 0, -0.19563816, 0, 1, 0, 0.19563816, 0, -0.9806762, 40.17301, -1.9999063, -9.366531)
max_health = 100

[node name="Enemy5" parent="Enemies" unique_id=301871210 instance=ExtResource("2_8a836")]
transform = Transform3D(-0.9806762, 0, -0.19563816, 0, 1, 0, 0.19563816, 0, -0.9806762, 38.46579, -1.9999063, -4.4822245)
max_health = 100

[node name="Enemy6" parent="Enemies" unique_id=888079195 instance=ExtResource("2_8a836")]
transform = Transform3D(-0.9806762, 0, -0.19563816, 0, 1, 0, 0.19563816, 0, -0.9806762, 41.30101, -1.9999063, -2.9484787)
max_health = 100

[node name="Enemy7" parent="Enemies" unique_id=1155643612 instance=ExtResource("2_8a836")]
transform = Transform3D(-0.9806762, 0, -0.19563816, 0, 1, 0, 0.19563816, 0, -0.9806762, 34.77298, -1.9999063, -3.7427254)
max_health = 100

[node name="Enemy8" parent="Enemies" unique_id=106824557 instance=ExtResource("2_8a836")]
transform = Transform3D(-0.9806762, 0, -0.19563816, 0, 1, 0, 0.19563816, 0, -0.9806762, 30.45192, -1.9999063, -2.5967379)
max_health = 100

[node name="Enemy9" parent="Enemies" unique_id=730075770 instance=ExtResource("2_8a836")]
transform = Transform3D(-0.9806762, 0, -0.19563816, 0, 1, 0, 0.19563816, 0, -0.9806762, 26.724072, -1.9999063, 0.79446864)
max_health = 100

[node name="Enemy10" parent="Enemies" unique_id=380906548 instance=ExtResource("2_8a836")]
transform = Transform3D(-0.9806762, 0, -0.19563816, 0, 1, 0, 0.19563816, 0, -0.9806762, 38.723785, -1.9999063, 2.7944298)
max_health = 100

[node name="Enemy11" parent="Enemies" unique_id=786571428 instance=ExtResource("2_8a836")]
transform = Transform3D(-0.9806762, 0, -0.19563816, 0, 1, 0, 0.19563816, 0, -0.9806762, 45.311775, -1.9999063, -1.290514)
max_health = 100

[node name="Enemy12" parent="Enemies" unique_id=1005298635 instance=ExtResource("2_8a836")]
transform = Transform3D(-0.9806762, 0, -0.19563816, 0, 1, 0, 0.19563816, 0, -0.9806762, 36.042244, -1.9999063, -0.21715164)
max_health = 100

[node name="Enemy13" parent="Enemies" unique_id=817414930 instance=ExtResource("2_8a836")]
transform = Transform3D(-0.9806762, 0, -0.19563816, 0, 1, 0, 0.19563816, 0, -0.9806762, 29.795773, -1.9999063, -7.5721455)
max_health = 100

[node name="Enemy14" parent="Enemies" unique_id=730269759 instance=ExtResource("2_8a836")]
transform = Transform3D(-0.9806762, 0, -0.19563816, 0, 1, 0, 0.19563816, 0, -0.9806762, 44.795773, -1.9999063, -6.5721455)
max_health = 100

[node name="Environment" type="Node" parent="." unique_id=2127158984]

[node name="Mausoleum" parent="Environment" unique_id=110957415 instance=ExtResource("3_j8job")]
transform = Transform3D(0.1, 0, 0, 0, 0.1, 0, 0, 0, 0.1, 90, 0, 0)

[node name="MeshInstance3D" type="MeshInstance3D" parent="Environment" unique_id=581760606]
transform = Transform3D(17.764112, 0, 0, 0, 1, 0, 0, 0, 2.964498, 77.22977, 0.0904603, -0.18234241)
mesh = SubResource("PlaneMesh_j8job")

[node name="StaticBody3D" type="StaticBody3D" parent="Environment/MeshInstance3D" unique_id=982673275]
collision_mask = 0

[node name="CollisionShape3D" type="CollisionShape3D" parent="Environment/MeshInstance3D/StaticBody3D" unique_id=1671432989]
shape = SubResource("ConvexPolygonShape3D_j8job")

[node name="MeshInstance3D2" type="MeshInstance3D" parent="Environment" unique_id=776209074]
transform = Transform3D(7.071478e-08, -1, 0, -1.6177655, -4.371139e-08, 0, 0, 0, 2.964498, 59.758404, -1.6411462, -0.18234241)
mesh = SubResource("PlaneMesh_j8job")

[node name="StaticBody3D" type="StaticBody3D" parent="Environment/MeshInstance3D2" unique_id=100603403]
collision_mask = 0

[node name="CollisionShape3D" type="CollisionShape3D" parent="Environment/MeshInstance3D2/StaticBody3D" unique_id=150175548]
shape = SubResource("ConvexPolygonShape3D_j8job")
